===Table of weather information===
#Description
tz: date and time
I.T.: Temprature inside the Dome
O.T.: Temprature outside the Dome
I.H.: Humidity inside the Dome
O.H.: Humidity outside the Dome
P: Atmospheric Pressure
WS: Wind Speed
Rain: Rainfall per minite
Rrate: Intensity of Rainfall
iTHW: Temperature-Humidity-Wind Index

#Data
===================================================================================================================================
tz (utc+8) | I.T. (Celsius) | O.T. (Celsius) | I.H. (%) | O.H. (%) | P (mb) | WS (m/s) | Rain (mm) | Rrate (mm/hr) | iTHW (Celsius)
-----------------------------------------------------------------------------------------------------------------------------------
['2023-10-15T00:00:00', 13.6, 9.1, 75.0, 97.0, 726.3, 2.2, 0.0, 0.0, 8.2]
['2023-10-15T00:10:00', 13.7, 8.9, 75.0, 97.0, 726.3, 0.4, 0.0, 0.0, 9.2]
['2023-10-15T00:20:00', 13.7, 8.9, 75.0, 97.0, 726.2, 0.0, 0.0, 0.0, 9.2]
['2023-10-15T00:30:00', 13.7, 8.8, 75.0, 96.0, 726.1, 0.0, 0.0, 0.0, 9.0]
['2023-10-15T00:40:00', 13.7, 8.7, 75.0, 96.0, 726.0, 3.6, 0.0, 0.0, 6.7]
['2023-10-15T00:50:00', 13.7, 8.6, 75.0, 97.0, 726.0, 3.1, 0.0, 0.0, 7.0]
['2023-10-15T01:00:00', 13.7, 8.5, 75.0, 96.0, 725.8, 2.2, 0.0, 0.0, 7.5]
['2023-10-15T01:10:00', 13.7, 8.6, 74.0, 97.0, 725.7, 6.7, 0.0, 0.0, 4.8]
['2023-10-15T01:20:00', 13.6, 8.4, 74.0, 97.0, 725.7, 1.8, 0.0, 0.0, 7.7]
['2023-10-15T01:30:00', 13.6, 8.2, 74.0, 97.0, 725.6, 3.6, 0.0, 0.0, 6.1]
['2023-10-15T01:40:00', 13.5, 8.0, 74.0, 97.0, 725.6, 6.3, 0.0, 0.0, 4.3]
['2023-10-15T01:50:00', 13.5, 8.1, 74.0, 96.0, 725.7, 4.0, 0.0, 0.0, 5.7]
['2023-10-15T02:00:00', 13.5, 8.2, 74.0, 97.0, 725.8, 3.1, 0.0, 0.0, 6.6]
['2023-10-15T02:10:00', 13.4, 8.3, 74.0, 97.0, 725.7, 3.6, 0.0, 0.0, 6.2]
['2023-10-15T02:20:00', 13.4, 8.3, 74.0, 97.0, 725.6, 1.3, 0.0, 0.0, 8.2]
['2023-10-15T02:30:00', 13.4, 8.3, 74.0, 97.0, 725.6, 2.7, 0.0, 0.0, 6.9]
['2023-10-15T02:40:00', 13.4, 8.3, 74.0, 97.0, 725.6, 4.9, 0.0, 0.0, 5.3]
['2023-10-15T02:50:00', 13.4, 8.2, 74.0, 97.0, 725.5, 1.8, 0.0, 0.0, 7.6]
['2023-10-15T03:00:00', 13.4, 8.2, 74.0, 97.0, 725.5, 2.2, 0.0, 0.0, 7.2]
['2023-10-15T03:10:00', 13.4, 8.2, 74.0, 97.0, 725.4, 3.1, 0.0, 0.0, 6.6]
['2023-10-15T03:20:00', 13.4, 8.2, 74.0, 97.0, 725.4, 2.7, 0.0, 0.0, 6.8]
['2023-10-15T03:30:00', 13.4, 8.2, 74.0, 97.0, 725.4, 2.7, 0.0, 0.0, 6.7]
['2023-10-15T03:40:00', 13.4, 8.2, 74.0, 97.0, 725.3, 3.1, 0.0, 0.0, 6.6]
['2023-10-15T03:50:00', 13.3, 8.3, 74.0, 97.0, 725.3, 4.9, 0.0, 0.0, 5.3]
['2023-10-15T04:00:00', 13.2, 8.2, 74.0, 97.0, 725.2, 4.5, 0.0, 0.0, 5.6]
['2023-10-15T04:10:00', 13.2, 8.2, 74.0, 97.0, 725.2, 4.9, 0.0, 0.0, 5.3]
['2023-10-15T04:20:00', 13.2, 8.2, 75.0, 98.0, 725.4, 2.7, 0.0, 0.0, 6.7]
['2023-10-15T04:30:00', 13.2, 8.2, 75.0, 98.0, 725.3, 8.0, 0.0, 0.0, 3.9]
['2023-10-15T04:40:00', 13.2, 7.9, 75.0, 96.0, 725.3, 8.5, 0.0, 0.0, 3.3]
['2023-10-15T04:50:00', 13.2, 8.2, 74.0, 93.0, 725.2, 5.8, 0.0, 0.0, 4.6]
['2023-10-15T05:00:00', 13.2, 8.6, 74.0, 91.0, 725.4, 4.9, 0.0, 0.0, 5.6]
['2023-10-15T05:10:00', 13.2, 8.7, 73.0, 91.0, 725.3, 3.1, 0.0, 0.0, 7.0]
['2023-10-15T05:20:00', 13.2, 8.7, 73.0, 92.0, 725.4, 1.3, 0.0, 0.0, 8.5]
['2023-10-15T05:30:00', 13.1, 8.7, 73.0, 92.0, 725.4, 5.4, 0.0, 0.0, 5.5]
['2023-10-15T05:40:00', 13.1, 8.7, 73.0, 92.0, 725.5, 5.4, 0.0, 0.0, 5.5]
['2023-10-15T05:50:00', 13.1, 8.7, 73.0, 92.0, 725.6, 4.9, 0.0, 0.0, 5.7]
['2023-10-15T06:00:00', 13.1, 8.6, 73.0, 92.0, 725.8, 6.3, 0.0, 0.0, 5.0]
['2023-10-15T06:10:00', 13.0, 8.7, 73.0, 92.0, 725.7, 5.4, 0.0, 0.0, 5.5]
['2023-10-15T06:20:00', 13.0, 8.7, 73.0, 92.0, 725.8, 5.4, 0.0, 0.0, 5.5]
['2023-10-15T06:30:00', 13.0, 8.7, 73.0, 92.0, 725.9, 4.0, 0.0, 0.0, 6.3]
['2023-10-15T06:40:00', 13.0, 8.9, 73.0, 92.0, 726.1, 1.8, 0.0, 0.0, 8.3]
['2023-10-15T06:50:00', 13.0, 9.2, 73.0, 91.0, 726.1, 5.4, 0.0, 0.0, 6.1]
['2023-10-15T07:00:00', 13.1, 9.3, 73.0, 91.0, 726.2, 6.7, 0.0, 0.0, 5.7]
['2023-10-15T07:10:00', 13.2, 9.4, 73.0, 91.0, 726.2, 4.5, 0.0, 0.0, 6.8]
['2023-10-15T07:20:00', 13.2, 9.4, 73.0, 91.0, 726.2, 7.6, 0.0, 0.0, 5.4]
['2023-10-15T07:30:00', 13.2, 9.4, 73.0, 91.0, 726.5, 4.5, 0.0, 0.0, 6.9]
['2023-10-15T07:40:00', 13.3, 9.6, 73.0, 89.0, 726.5, 4.9, 0.0, 0.0, 6.7]
['2023-10-15T07:50:00', 13.4, 9.7, 73.0, 87.0, 726.6, 4.0, 0.0, 0.0, 7.5]
['2023-10-15T08:01:00', 13.5, 9.9, 73.0, 88.0, 726.6, 0.4, 0.0, 0.0, 10.0]
['2023-10-15T08:11:00', 13.6, 10.1, 73.0, 88.0, 726.7, 1.8, 0.0, 0.0, 9.6]
['2023-10-15T08:22:00', 13.6, 10.1, 72.0, 89.0, 726.7, 0.4, 0.0, 0.0, 10.2]
['2023-10-15T08:33:00', 13.7, 9.9, 72.0, 88.0, 726.8, 4.0, 0.0, 0.0, 7.7]
['2023-10-15T08:44:00', 13.7, 10.3, 72.0, 88.0, 726.9, 0.4, 0.0, 0.0, 10.4]
['2023-10-15T08:54:00', 13.7, 11.0, 72.0, 87.0, 727.0, 0.4, 0.0, 0.0, 11.1]
['2023-10-15T09:04:00', 13.9, 11.8, 72.0, 84.0, 727.1, 2.7, 0.0, 0.0, 10.8]
['2023-10-15T09:16:00', 13.9, 12.2, 72.0, 84.0, 727.1, 0.4, 0.0, 0.0, 12.1]
['2023-10-15T09:26:00', 14.1, 12.4, 72.0, 84.0, 727.1, 0.0, 0.0, 0.0, 12.3]
['2023-10-15T09:36:00', 14.2, 12.6, 72.0, 83.0, 727.3, 0.0, 0.0, 0.0, 12.5]
['2023-10-15T09:46:00', 14.4, 12.6, 72.0, 83.0, 727.3, 0.0, 0.0, 0.0, 12.4]
['2023-10-15T09:56:00', 14.4, 12.1, 72.0, 84.0, 727.2, 0.4, 0.0, 0.0, 12.1]
['2023-10-15T10:07:00', 14.6, 11.8, 72.0, 89.0, 727.2, 0.0, 0.0, 0.0, 11.8]
['2023-10-15T10:20:00', 14.4, 11.8, 73.0, 87.0, 727.3, 3.6, 0.0, 0.0, 10.2]
['2023-10-15T10:30:00', 14.7, 12.0, 74.0, 88.0, 727.3, 0.0, 0.0, 0.0, 12.0]
['2023-10-15T10:41:00', 15.0, 12.4, 73.0, 87.0, 727.3, 0.4, 0.0, 0.0, 12.4]
['2023-10-15T10:51:00', 15.2, 12.9, 73.0, 86.0, 727.2, 0.4, 0.0, 0.0, 12.8]
['2023-10-15T11:03:00', 15.2, 13.7, 73.0, 83.0, 727.1, 3.1, 0.0, 0.0, 12.8]
['2023-10-15T11:14:00', 15.3, 14.4, 72.0, 82.0, 727.1, 0.4, 0.0, 0.0, 14.3]
['2023-10-15T11:24:00', 15.5, 14.3, 71.0, 82.0, 727.0, 0.0, 0.0, 0.0, 14.2]
['2023-10-15T11:35:00', 15.7, 13.9, 70.0, 85.0, 727.0, 0.4, 0.0, 0.0, 13.8]
['2023-10-15T11:46:00', 15.8, 13.8, 69.0, 82.0, 726.9, 0.0, 0.0, 0.0, 13.6]
['2023-10-15T11:57:00', 15.9, 13.3, 68.0, 86.0, 726.9, 2.2, 0.0, 0.0, 12.9]
['2023-10-15T12:07:00', 16.0, 12.9, 68.0, 87.0, 726.8, 3.6, 0.0, 0.0, 11.6]
['2023-10-15T12:18:00', 16.0, 12.9, 68.0, 87.0, 726.8, 0.4, 0.0, 0.0, 12.8]
['2023-10-15T12:30:00', 16.0, 13.4, 68.0, 87.0, 726.8, 0.0, 0.0, 0.0, 13.3]
['2023-10-15T12:41:00', 16.1, 13.5, 67.0, 86.0, 726.7, 0.4, 0.0, 0.0, 13.4]
['2023-10-15T12:52:00', 16.2, 13.4, 67.0, 86.0, 726.6, 2.2, 0.0, 0.0, 13.0]
['2023-10-15T13:04:00', 16.3, 13.3, 67.0, 85.0, 726.7, 1.3, 0.0, 0.0, 13.2]
['2023-10-15T13:15:00', 16.3, 12.9, 67.0, 87.0, 726.5, 3.1, 0.0, 0.0, 11.8]
['2023-10-15T13:27:00', 16.3, 12.6, 67.0, 89.0, 726.5, 0.0, 0.0, 0.0, 12.6]
['2023-10-15T13:38:00', 16.3, 12.4, 67.0, 88.0, 726.4, 0.0, 0.0, 0.0, 12.4]
['2023-10-15T13:49:00', 16.3, 12.1, 66.0, 90.0, 726.4, 2.2, 0.0, 0.0, 11.6]
['2023-10-15T14:00:00', 16.3, 12.4, 66.0, 91.0, 726.4, 0.0, 0.0, 0.0, 12.4]
['2023-10-15T14:11:00', 16.3, 12.5, 66.0, 89.0, 726.3, 0.0, 0.0, 0.0, 12.5]
['2023-10-15T14:23:00', 16.4, 12.6, 66.0, 90.0, 726.3, 0.0, 0.0, 0.0, 12.6]
['2023-10-15T14:33:00', 16.4, 12.5, 66.0, 92.0, 726.3, 0.0, 0.0, 0.0, 12.6]
['2023-10-15T14:45:00', 16.4, 12.1, 66.0, 91.0, 726.2, 2.7, 0.0, 0.0, 11.2]
['2023-10-15T14:56:00', 16.4, 11.3, 66.0, 92.0, 726.1, 2.7, 0.0, 0.0, 10.4]
['2023-10-15T15:07:00', 16.3, 10.9, 66.0, 93.0, 726.2, 3.1, 0.0, 0.0, 9.7]
['2023-10-15T15:18:00', 16.3, 10.9, 66.0, 93.0, 726.2, 4.0, 0.0, 0.0, 8.9]
['2023-10-15T15:29:00', 16.3, 10.8, 66.0, 94.0, 726.2, 0.0, 0.0, 0.0, 11.1]
['2023-10-15T15:39:00', 16.3, 11.0, 66.0, 94.0, 726.3, 0.4, 0.0, 0.0, 11.2]
['2023-10-15T15:49:00', 16.3, 10.9, 66.0, 94.0, 726.4, 0.0, 0.0, 0.0, 11.2]
['2023-10-15T16:01:00', 16.2, 10.8, 66.0, 94.0, 726.4, 0.0, 0.0, 0.0, 11.1]
['2023-10-15T16:13:00', 16.2, 10.8, 66.0, 94.0, 726.3, 0.0, 0.0, 0.0, 11.1]
['2023-10-15T16:25:00', 16.1, 10.8, 66.0, 94.0, 726.4, 0.0, 0.0, 0.0, 11.0]
['2023-10-15T16:36:00', 16.1, 10.7, 66.0, 95.0, 726.5, 0.0, 0.0, 0.0, 10.9]
['2023-10-15T16:47:00', 16.0, 10.5, 66.0, 95.0, 726.6, 0.0, 0.0, 0.0, 10.7]
['2023-10-15T16:59:00', 16.0, 10.3, 66.0, 95.0, 726.6, 0.0, 0.0, 0.0, 10.6]
['2023-10-15T17:10:00', 15.9, 10.2, 66.0, 96.0, 726.7, 0.0, 0.0, 0.0, 10.4]
['2023-10-15T17:22:00', 15.9, 9.9, 66.0, 96.0, 726.6, 0.0, 0.0, 0.0, 10.2]
['2023-10-15T17:33:00', 15.8, 9.8, 66.0, 96.0, 726.7, 0.0, 0.0, 0.0, 10.1]
['2023-10-15T17:45:00', 15.7, 9.8, 67.0, 97.0, 726.7, 1.3, 0.0, 0.0, 9.9]
['2023-10-15T17:56:00', 15.7, 9.7, 68.0, 97.0, 726.7, 0.0, 0.0, 0.0, 10.1]
['2023-10-15T18:08:00', 15.7, 9.7, 68.0, 97.0, 726.8, 1.3, 0.0, 0.0, 9.8]
['2023-10-15T18:19:00', 15.7, 9.7, 68.0, 98.0, 727.0, 2.2, 0.0, 0.0, 9.0]
['2023-10-15T18:31:00', 15.6, 9.7, 68.0, 97.0, 727.0, 2.2, 0.0, 0.0, 8.9]
['2023-10-15T18:43:00', 15.6, 9.5, 68.0, 98.0, 727.1, 2.7, 0.0, 0.0, 8.4]
['2023-10-15T18:54:00', 15.5, 9.7, 68.0, 98.0, 727.2, 0.0, 0.0, 0.0, 10.0]
['2023-10-15T19:05:00', 15.5, 9.7, 68.0, 98.0, 727.3, 1.8, 0.0, 0.0, 9.3]
['2023-10-15T19:17:00', 15.5, 9.6, 68.0, 98.0, 727.4, 1.3, 0.0, 0.0, 9.7]
['2023-10-15T19:29:00', 15.4, 9.6, 68.0, 98.0, 727.5, 1.8, 0.0, 0.0, 9.2]
['2023-10-15T19:40:00', 15.4, 9.5, 68.0, 98.0, 727.6, 0.0, 0.0, 0.0, 9.8]
['2023-10-15T19:51:00', 15.4, 9.4, 68.0, 98.0, 727.6, 0.0, 0.0, 0.0, 9.8]
['2023-10-15T20:04:00', 15.3, 9.3, 68.0, 98.0, 727.6, 2.7, 0.0, 0.0, 8.1]
['2023-10-15T20:16:00', 15.3, 9.3, 68.0, 98.0, 727.7, 1.3, 0.0, 0.0, 9.4]
['2023-10-15T20:28:00', 15.3, 9.4, 68.0, 98.0, 727.7, 2.2, 0.0, 0.0, 8.6]
['2023-10-15T20:39:00', 15.3, 9.4, 68.0, 98.0, 727.7, 0.9, 0.0, 0.0, 9.8]
['2023-10-15T20:51:00', 15.3, 9.4, 68.0, 98.0, 727.8, 1.8, 0.0, 0.0, 9.1]
['2023-10-15T21:03:00', 15.3, 9.4, 68.0, 98.0, 727.8, 2.7, 0.0, 0.0, 8.4]
['2023-10-15T21:15:00', 15.2, 9.5, 68.0, 98.0, 727.8, 1.8, 0.0, 0.0, 9.1]
['2023-10-15T21:27:00', 15.2, 9.5, 68.0, 98.0, 727.8, 0.0, 0.0, 0.0, 9.8]
['2023-10-15T21:40:00', 15.2, 9.4, 68.0, 98.0, 727.8, 2.2, 0.0, 0.0, 8.6]
['2023-10-15T21:52:00', 15.2, 9.3, 68.0, 99.0, 727.9, 0.9, 0.0, 0.0, 9.7]
['2023-10-15T22:05:00', 15.2, 9.3, 68.0, 99.0, 727.9, 1.3, 0.0, 0.0, 9.4]
['2023-10-15T22:16:00', 15.2, 9.3, 68.0, 99.0, 727.8, 3.1, 0.0, 0.0, 7.9]
['2023-10-15T22:30:00', 15.2, 9.0, 68.0, 98.0, 727.8, 0.0, 0.0, 0.0, 9.3]
['2023-10-15T22:41:00', 15.2, 9.0, 68.0, 98.0, 727.9, 2.7, 0.0, 0.0, 7.8]
['2023-10-15T22:54:00', 15.2, 9.0, 68.0, 99.0, 727.9, 2.2, 0.0, 0.0, 8.2]
['2023-10-15T23:05:00', 15.2, 9.1, 68.0, 99.0, 727.9, 3.1, 0.0, 0.0, 7.7]
-----------------------------------------------------------------------------------------------------------------------------------
